2022-03-08 13:31:46.162447 (11473) main____ INFO    ----------------------------------------
2022-03-08 13:31:46.162664 (11473) main____ INFO    JasperGold version info
2022-03-08 13:31:46.162706 (11473) main____ INFO      tool      : JasperGold 2018.03
2022-03-08 13:31:46.162742 (11473) main____ INFO      version   : 2018.03p001 64 bits
2022-03-08 13:31:46.162767 (11473) main____ INFO      build date: 2018.04.24 18:13:05 PDT
2022-03-08 13:31:46.162788 (11473) main____ INFO    ----------------------------------------
2022-03-08 13:31:46.162806 (11473) main____ INFO    Runtime info:
2022-03-08 13:31:46.162828 (11473) main____ INFO      platform  : Linux 3.10.0-957.21.3.el7.x86_64 x86_64
2022-03-08 13:31:46.162854 (11473) main____ INFO      hostname  : vlsicad9
2022-03-08 13:31:46.162874 (11473) main____ INFO      pid       : 11473
2022-03-08 13:31:46.162895 (11473) main____ INFO      arguments : '-style' 'windows' '-superlint'
2022-03-08 13:31:46.162914 (11473) main____ INFO    ----------------------------------------
2022-03-08 13:31:46.162931 (11473) main____ INFO    System resource limits info:
2022-03-08 13:31:46.162952 (11473) main____ INFO      virtual memory: unlimited
2022-03-08 13:31:46.162974 (11473) main____ INFO      cpu time      : unlimited
2022-03-08 13:31:46.163013 (11473) main____ INFO      stack size    : 8388608 B
2022-03-08 13:31:46.163048 (11473) main____ INFO      core file size: 0 B
2022-03-08 13:31:46.163083 (11473) main____ INFO      open files    : 1024
2022-03-08 13:31:46.163107 (11473) main____ INFO      file size     : unlimited
2022-03-08 13:31:46.163126 (11473) main____ INFO    ----------------------------------------
2022-03-08 13:31:46.163143 (11473) main____ INFO    Memory statistics:
2022-03-08 13:31:46.163162 (11473) main____ INFO      total physical memory  : 24509248 kB
2022-03-08 13:31:46.163180 (11473) main____ INFO      free physical memory   : 8334912 kB
2022-03-08 13:31:46.163198 (11473) main____ INFO      committed address space: 9484112 kB
2022-03-08 13:31:46.163215 (11473) main____ INFO    ----------------------------------------
2022-03-08 13:31:46.163284 (11473) main____ INFO    Important environment variables:
2022-03-08 13:31:46.163319 (11473) main____ INFO      DISPLAY        : 'localhost:10.0'
2022-03-08 13:31:46.163348 (11473) main____ INFO      EDITOR         : '/usr/bin/vim'
2022-03-08 13:31:46.163377 (11473) main____ INFO      LM_LICENSE_FILE: '5280@vlsicad8:26000@lscic:1717@lsncku:5280@lstn:26585@lsncku:26585@lscic'
2022-03-08 13:31:46.163398 (11473) main____ INFO    ----------------------------------------
2022-03-08 13:31:46.165240 (11473) lic_core INFO    Initializing license system ...
2022-03-08 13:31:46.166857 (11473) lic_core INFO    ... license system initialized.
2022-03-08 13:31:46.169453 (11473) lic__man INFO    Claim 'main' for <ui>.
2022-03-08 13:31:46.169556 (11473) lic_core INFO    (1) checking out 'jasper_interactive' ...
2022-03-08 13:31:46.227785 (11473) lic_core INFO    ... (1) checkout failed (error: -5) ("FLEXnet ERROR(-5, 0, 0): No such feature exists.")
2022-03-08 13:31:46.227849 (11473) lic_core INFO    (2) checking out 'jasper_pint' ...
2022-03-08 13:31:46.335270 (11473) lic_core INFO    ... (2) checkout succeeded
2022-03-08 13:31:46.335405 (11473) lic__man INFO    Claim 'superlint' for <ui>.
2022-03-08 13:31:46.335470 (11473) lic_core INFO    (3) checking out 'jasper_afl' ...
2022-03-08 13:31:46.377534 (11473) lic_core INFO    ... (3) checkout failed (error: -5) ("FLEXnet ERROR(-5, 0, 0): No such feature exists.")
2022-03-08 13:31:46.377592 (11473) lic_core INFO    (4) checking out 'jasper_dao' ...
2022-03-08 13:31:46.482914 (11473) lic_core INFO    ... (4) checkout succeeded
2022-03-08 13:31:47.849089 (11473) lic__man INFO    Claim 'superlint' for <ui>.
2022-03-08 13:31:48.209197 (11473) lic__man INFO    Unclaim 'superlint' for <ui>.
2022-03-08 13:31:48.209284 (11473) lic__man INFO    Claim 'superlint' for <ui>.
2022-03-08 13:31:48.221567 (11473) session_ INFO    Starting analysis session with session id 'session_0' ...
2022-03-08 13:31:48.223846 (11473) session_ INFO    Analysis session with session id 'session_0' started (pid: 11493)
2022-03-08 13:31:54.853697 (11473) session_ INFO    Analysis session 'session_0' connected to the console (host: 192.168.100.10:51258)
2022-03-08 13:31:56.696777 (11473) lic__man INFO    Unclaim everything for 'session_0'.
2022-03-08 13:31:56.927595 (11473) lic__man INFO    Unclaim everything for 'session_0'.
2022-03-08 13:31:57.019047 (11473) lic__man INFO    Claim 'superlint' for 'session_0'.
2022-03-08 13:36:02.344899 (11473) main____ INFO    About to exit: requested from GUI
2022-03-08 13:36:02.649355 (11473) main____ INFO    Exiting with status 0.
